31876910212
31877044969
31876903902
31877030119
31877093049
31877052390
31877123342
35220469203
35231370076
35242855465
35243454965
35244116380
35254727956
35256614103
35256783358
35256911925
35258225429
35401928070
35404203145
42890915069
42890918931
42890939203
42890970218
42890967451
42890988063
42890917788
42890966771
42890993910
42890936924
42891044702
42890966283
42890998573
42890963089
42890968346
42890983762
42891049419
42891058936
42890957061
42890978841
42890984603
42890984885
42891061117
42890979697
42891003001
42890952615
42890992298
42891077836
42890968745
42890999487
42891010290
42891029932
42890964400
42891075189
42890994324
42890960770
42891021899
42890964552
42891010199
42891060037
42891013527
42891211003
42891086477
42891111012
